-0.0925203 0.0980376 0.869136
-0.164631 0.108681 0.953131
-0.152257 0.117407 0.935739
0.92369 0.579186 0.652954
-0.0913721 0.188081 0.956814
0.975138 0.450159 0.73039
-0.257121 -0.112738 0.850385
-0.0897808 0.00736475 0.959844
-0.0928556 0.0967083 0.958192
-0.26391 -0.134632 0.842588
0.371773 0.34281 0.398112
-0.161437 -0.287228 0.951244
-0.10364 0.117028 0.970053
0.0147437 0.027192 0.994898
-0.119035 -0.368099 0.785785
0.704788 0.320079 0.548084
-0.249941 0.130252 0.899409
0.368837 0.341905 0.399556
-0.302455 -0.0598441 0.80443
1.08129 0.559551 0.712719
0.920775 0.493049 0.61066
0.317958 0.274305 0.573268
-0.0728966 -0.0768296 0.96018
0.411108 0.307606 0.408841
0.327026 0.269215 0.565257
-0.0854277 -0.0994998 0.962449
0.679124 0.557477 0.615366
0.392043 0.249582 0.514154
0.0743192 -0.379088 0.900194
0.550309 0.77772 0.666213
0.882655 0.498917 0.532615
0.417702 0.293718 0.411069
-0.0176478 -0.191647 0.945235
-0.0886129 -0.0641276 0.932746
-0.252989 0.139934 0.991916
-0.0924144 0.147539 0.737426
0.74771 0.609214 0.587822
0.960103 0.507007 0.635056
1.39867 0.932727 0.815854
2.81159 2.03305 2.18835
0.9835 0.446544 0.566287
1.05848 0.472294 0.609726
0.751392 0.426266 0.457195
0.375133 0.277973 0.501318
0.419254 0.311245 0.411008
0.409477 0.315049 0.407852
0.749514 0.601801 0.583966
0.672371 0.412681 0.563565
0.394568 0.273778 0.442827
0.733494 0.534954 0.462624
0.0728399 -0.387385 0.855691
0.411664 0.262759 0.436151
0.570666 0.366601 0.473514
0.121703 0.0931845 0.959292
0.710398 0.440157 0.58964
0.770032 0.310428 0.477205
1.53721 1.12145 1.23905
-0.214257 0.11808 0.857046
-0.145065 0.213419 0.981022
1.33617 0.664564 0.893901
-0.261508 -0.276053 0.693122
-0.121718 0.110902 0.951393
0.370618 0.2993 0.480841
0.0617252 -0.379487 0.865711
0.314945 0.280443 0.555392
0.941734 0.496868 0.619553
2.06982 1.45944 1.64667
-0.189107 0.115499 0.897947
0.355646 0.312853 0.436041
0.787793 0.443536 0.47129
-0.115636 -0.344349 0.798277
-0.121468 -0.343351 0.808522
-0.253027 -0.121088 0.800519
-0.145168 -0.105006 1.01297
-0.0648662 -0.168632 0.959608
0.491062 0.703939 0.605263
0.983132 0.464803 0.557229
0.997384 0.483997 0.569469
0.414823 0.314939 0.405455
-0.140256 -0.253543 0.862581
0.724478 0.483859 0.612772
-0.188 0.11127 0.925005
-0.00474794 0.0357474 0.993125
1.5646 1.00993 0.900804
0.0336239 0.0842833 0.963417
0.488477 0.5771 0.492193
0.796639 0.376436 0.609658
0.398687 0.435623 0.424231
1.41131 1.32408 1.26827
0.0675837 -0.369987 0.860521
1.02228 0.642985 0.729325
-0.2393 -0.308894 0.578468
0.478133 0.537565 0.490468
-0.0400365 -0.162294 0.93043
0.864698 0.543239 0.607407
-0.108882 -0.344065 0.787829
-0.124014 -0.0961807 0.827233
-0.0761142 0.0931671 0.986309
-0.119735 -0.0978008 0.905394
0.0675614 -0.381506 0.861346
0.501654 0.601004 0.507786
1.16976 1.13016 1.07391
0.50212 0.502239 0.42599
-0.00402947 0.056449 0.982526
-0.106408 -0.00898418 0.981773
0.923874 0.592787 0.652848
0.978128 0.428314 0.725185
-0.267417 -0.226192 0.769771
0.865445 0.501311 0.52069
-0.0792507 -0.0542322 0.931923
-0.466154 -0.106944 0.818638
0.88768 0.508129 0.531867
0.373124 0.0589768 0.871954
-0.262247 -0.159022 0.815378
0.41149 0.311963 0.408057
0.00508239 0.059111 1.0427
-0.0456137 0.0886763 0.98379
1.02939 0.493491 0.589393
0.35134 0.308555 0.443152
1.23643 0.806869 0.721821
0.708097 0.590417 0.560471
0.714223 0.631732 0.510199
0.472319 0.380574 0.431861
-0.165247 -0.503539 0.985534
-0.0849393 -0.0134914 0.954878
-0.0866816 -0.0896907 0.955296
1.37756 0.896625 0.797312
1.26355 1.0005 0.786726
1.39279 0.52905 0.852147
1.59602 1.13466 1.28622
-0.160653 -0.391196 0.797264
-0.146281 -0.359371 0.772827
0.25412 0.0285797 0.974122
-0.0632351 -0.157463 0.931167
0.0275506 0.0595241 0.987535
-0.304148 -0.202835 0.453141
-0.179702 -0.377565 0.755579
-0.117347 -0.355709 0.781869
-0.23799 0.384966 0.62982
-0.186737 -0.350807 0.683669
-0.255565 -0.113032 0.825687
0.523892 0.776691 0.654761
0.309692 0.304849 0.524807
-0.260176 -0.212004 0.756399
-0.205881 -0.385386 0.763133
1.16198 -0.498505 1.00381
-0.100835 -0.0318627 0.976451
-0.264335 -0.291171 0.684331
0.477131 0.395912 0.436853
-0.143758 -0.31621 0.804138
0.385511 0.267302 0.46529
-0.31515 -0.204538 0.473112
-0.0229352 -0.383831 0.875088
0.229277 0.0251589 0.977075
0.869404 0.414658 0.664936
-0.0457234 0.0954356 1.00049
0.538016 0.296565 0.466795
0.251039 0.317509 0.564234
0.420845 0.248309 0.44232
-0.267074 0.444426 0.741389
-0.070034 -0.129211 0.903832
-0.276355 0.589013 0.70602
0.377767 0.253304 0.550892
-0.0422223 -0.366623 0.837136
0.797133 -0.304581 0.633256
-0.315511 -0.178216 0.405491
-0.0865114 -0.135899 0.994574
0.358656 0.311733 0.444074
0.294033 0.384658 0.38393
0.675784 0.748033 0.694616
-0.276361 -0.163217 0.794272
0.381713 0.260544 0.50898
0.361083 0.298841 0.457751
0.851322 0.631167 0.571615
0.301202 0.160855 -0.0472234
0.320382 0.168807 -0.0456188
0.858049 0.450583 0.669425
0.570786 0.373338 0.470966
0.270525 0.0376571 1.04952
0.0274605 0.0833018 0.957766
0.482311 0.388315 0.436718
0.410462 0.285971 0.418292
0.302906 0.166057 -0.0138393
0.335229 0.156538 -0.0103889
0.0135905 0.0841983 0.971083
-0.24233 0.12559 0.895564
-0.350571 -0.226647 0.515934
0.362108 0.33986 0.401744
0.432304 0.236566 0.446698
0.778745 0.690422 0.565055
1.23634 0.421178 0.685597
-0.00264681 0.0421634 0.994094
0.314005 0.343932 0.429344
0.524525 0.26654 0.460085
-0.0888285 0.192923 0.956828
0.415168 0.241522 0.473648
0.362849 0.347745 0.397795
0.327279 0.115019 -0.0168361
0.460743 0.234216 0.421725
-0.14561 0.187177 0.799265
0.379292 0.34509 0.40187
1.07009 0.680798 0.859077
0.335463 0.253869 0.566734
0.298681 0.385194 0.389333
0.307232 0.167198 -0.0412981
0.279578 0.372124 0.358907
0.30676 0.366089 0.253629
0.323673 0.168783 -0.0447462
0.320538 0.171146 -0.0451407
0.49132 0.356481 0.457937
-0.126704 -0.11363 0.924272
0.00859332 -0.373138 0.859196
0.0103616 0.0335938 0.995683
-0.25726 -0.16519 0.811585
-0.0510619 -0.363832 0.816237
-0.281021 -0.303614 0.731108
0.260057 0.284795 0.631664
0.350578 0.315684 0.442178
-0.273103 0.450345 0.737228
0.381708 0.243039 0.0150829
0.502902 0.241758 0.42674
-0.250009 0.384145 0.625311
0.303379 0.342724 0.433995
0.438231 0.264975 0.416792
-0.234733 0.512617 0.621396
0.492139 0.389513 0.441252
0.311952 0.340854 0.432701
0.334601 0.174452 -0.0434089
0.297746 0.323586 0.488596
0.310334 0.163573 -0.0472466
0.504212 -0.0494019 0.0970939
0.28962 0.160505 -0.0351392
0.64164 0.22782 0.27644
0.649647 -0.000853549 0.331661
0.512189 0.0814033 0.225335
0.268678 0.173359 -0.023728
0.303048 0.153175 -0.0505908
0.29022 0.126714 -0.0220524
0.53317 -0.0595472 0.12056
0.309347 0.140306 -0.0502653
0.309993 0.365241 0.249201
-0.314912 -0.181136 0.403881
0.487028 0.397568 0.441998
0.30924 0.165299 -0.0472565
0.301041 0.320346 0.495694
0.300547 0.345379 0.421672
0.296161 0.387676 0.3803
0.306705 0.180045 -0.0372473
0.305483 0.138929 -0.0205308
0.352878 0.141069 -0.0131012
0.416089 0.251808 0.457064
1.24024 0.478126 0.778869
0.322642 0.166842 -0.044917
0.312767 0.308168 0.513183
0.315198 0.304497 0.51517
0.324654 0.169418 -0.00922958
0.316321 0.165067 -0.0489493
0.310212 0.1672 -0.04203
0.240022 0.345255 0.249529
0.26031 0.372857 0.283867
0.309761 0.16679 -0.047121
0.312881 0.161206 -0.049083
0.306729 0.165506 -0.0474295
0.338658 0.174012 -0.00625244
0.299713 0.151706 -0.0499699
0.307376 0.346215 0.421357
0.668203 0.419401 0.559519
0.387922 0.0647465 -0.0444151
0.306267 0.137949 -0.0208279
0.307554 0.34232 0.427399
0.311261 0.16582 -0.0470124
0.291068 0.19488 -0.0167425
0.316245 0.166012 -0.0464832
0.340563 0.130721 -0.0127166
0.321166 0.167793 -0.0459976
0.269228 0.178277 -0.0251986
0.282695 0.158797 -0.0509558
0.31698 0.151553 -0.0484966
0.333742 0.11887 -0.0289236
0.321342 0.168048 -0.0453326
0.658439 0.238199 0.318956
0.536281 0.254354 0.0366438
0.350478 0.318067 0.43657
0.365121 0.341816 0.400744
0.416337 0.294918 0.415762
0.306656 0.345898 0.431611
0.599827 0.571568 0.279961
0.341313 0.1269 -0.01552
0.367849 0.124138 -0.0528071
0.32114 0.166887 -0.0455605
0.383355 0.306778 0.481287
0.350335 0.31338 0.433315
0.30305 0.366214 0.249469
-0.328298 -0.489263 0.938706
-0.0420014 -0.472214 0.996852
-0.157192 -0.463791 0.983601
-0.168575 -0.0804805 1.03232
0.330084 0.17161 -0.00781406
0.265374 0.0484058 0.629808
0.361034 0.13421 -0.0109534
0.542341 0.339281 0.114165
0.31224 0.163404 -0.0475744
0.317078 0.170003 -0.0456492
0.579153 0.436919 0.125531
0.320302 0.166566 -0.046291
0.562261 0.361425 0.308751
0.344051 0.125928 -0.0150899
0.307648 0.166725 -0.0475112
0.300834 0.159639 -0.050338
0.324189 0.120395 -0.0479821
0.565798 0.176016 0.0857274
0.386835 0.375469 0.30273
0.318213 0.168409 -0.0459597
0.358704 0.394277 0.357883
0.309294 0.369024 0.248321
0.281496 0.379794 0.374371
0.347923 0.28427 0.503393
0.360235 0.122823 -0.0526632
0.264568 0.281493 0.616268
0.282517 0.182296 -0.0295334
0.336376 0.171362 -0.00768718
0.512038 0.432986 0.289699
0.354565 0.397019 0.328429
0.262058 0.362982 0.27395
-0.329068 -0.396918 0.828538
0.298918 0.178121 0.127571
0.305115 0.34956 0.438047
0.270944 0.281806 0.630856
0.265954 0.157818 -0.0266816
0.335474 0.175348 -0.0076618
0.318992 0.171554 -0.0460921
0.459491 0.2295 0.418077
-0.286329 -0.441155 0.938299
0.60673 0.50503 0.224375
0.362036 0.338331 0.262836
-0.436307 -0.15293 0.944669
0.29882 0.301934 0.457477
0.471926 0.394686 0.166412
0.304341 0.156178 -0.0321167
0.312004 0.137368 -0.019651
0.496352 0.399571 0.447494
0.342119 0.205197 0.000725634
0.317381 0.169077 -0.0459439
0.339459 0.123479 -0.048578
0.11793 0.109551 0.0681348
-0.244025 0.134526 0.991702
-0.132565 0.203832 0.89808
0.429596 0.25069 0.0936624
0.768879 0.475655 0.176977
0.394923 0.287202 0.0320986
0.972529 0.79879 0.854435
0.36903 0.348491 0.282971
0.642929 0.402818 0.367264
0.63846 0.402975 0.351602
0.314181 0.277051 0.57467
0.373572 0.352383 0.40055
0.47202 0.283777 0.282564
0.857381 0.451471 0.267649
0.507951 0.319607 0.264747
0.483642 0.414195 0.303153
0.542652 0.406922 0.263143
0.428398 0.233311 0.446571
0.370581 0.349696 0.40206
0.400896 0.229398 0.447718
0.412266 0.302188 0.403848
0.677732 0.359564 0.346242
0.320246 0.356586 0.315747
0.464072 0.378981 0.279101
0.615102 0.422777 0.206698
-0.14175 0.202656 0.962559
0.284077 0.181604 -0.0259372
0.673497 0.425984 0.11773
0.41784 0.303573 0.0377045
0.367776 0.354114 0.252383
0.371512 0.35141 0.280582
0.318567 0.17314 -0.0433077
0.340981 0.371738 0.338216
0.426492 0.264232 0.339494
0.314493 0.16201 -0.0500079
0.476255 0.403723 0.293272
0.445461 0.372488 0.268972
0.528757 0.444708 0.18051
0.55733 0.474183 0.204324
0.453135 0.415947 0.218681
0.297485 0.0355974 0.749972
0.335846 0.119947 -0.0491258
0.292191 0.159899 -0.0360062
0.495325 0.407143 0.304123
0.391179 0.361056 0.181315
-0.311144 0.165088 0.929917
-0.463325 -0.233587 0.903098
0.395289 0.340164 0.203316
0.543731 0.408203 0.249325
0.4526 0.193372 0.189266
0.476906 0.359188 0.21756
0.273967 0.15341 -0.0295931
0.265104 0.17152 -0.0239092
0.51816 0.25319 0.0383386
0.821861 0.552839 0.283405
1.85458 1.05656 1.33769
0.684298 0.421953 0.38363
0.752427 0.424514 0.327183
0.471275 0.252712 0.416066
0.294609 0.141466 -0.021798
0.148356 0.0383096 0.596144
0.650644 0.207883 0.049483
0.66737 0.448033 0.238558
0.574708 0.266311 0.145586
0.543124 0.208914 0.0351403
0.200149 -0.00267131 1.07634
0.48421 0.293506 0.0458988
0.510794 0.301124 0.0525299
0.517437 0.305746 0.0558902
0.499274 0.294684 0.048107
0.299292 0.365903 0.245281
0.331704 0.329628 0.504592
0.644309 0.314687 0.331821
0.331526 0.355802 0.319705
-0.0651054 0.041969 1.03975
0.723766 0.308397 0.439883
0.384254 0.36941 0.398463
0.374432 0.129872 -0.00806492
0.267424 0.378581 0.26324
0.0873322 0.0844389 0.0451113
0.164243 0.123962 0.0727803
0.383485 0.32308 0.323092
0.569727 0.175534 0.0648589
0.462884 0.332841 0.435368
-0.172131 0.0107854 1.03804
0.41073 0.257137 0.311356
0.532829 0.24548 0.114435
0.418472 0.264813 0.315593
0.309023 0.163807 -0.0472906
0.31575 0.219338 0.000190493
0.433714 0.266545 0.425655
0.335237 0.126164 -0.0144716
-0.186217 -0.155585 1.07707
-0.206981 -0.461672 0.996413
0.12681 0.110461 0.0744313
0.687346 0.303762 0.266916
0.559166 0.403272 0.39844
0.554801 0.425834 0.114444
0.619728 0.46903 0.146878
0.607077 0.181725 0.0675987
0.118437 0.108876 0.068603
0.249217 0.352728 0.253883
0.465791 0.436378 0.199364
0.45635 0.213328 0.328099
0.375939 0.25706 0.00233681
0.272816 0.153987 -0.0293505
0.465752 0.0204452 0.157137
0.148355 0.034747 0.588702
0.661829 0.499421 0.334314
0.539917 0.419378 0.116175
0.484838 0.203707 0.278782
0.734581 0.301415 0.110805
0.292593 0.121407 -0.0215233
-0.26051 0.442254 0.610928
-0.250857 0.434339 0.606128
0.349906 0.341247 0.238796
0.103077 0.0870225 0.0488189
-0.365806 -0.466055 0.960364
0.306782 0.217878 -0.0107176
0.329577 0.11869 -0.0471593
0.36396 0.375939 0.223769
0.324446 0.355909 0.321123
0.296466 0.322954 0.494005
1.7808 0.496929 0.754932
0.259544 0.373493 0.280763
0.0126232 0.0676515 0.348718
-0.0287171 0.0583114 1.04055
-0.286814 -0.414571 0.952311
-0.341536 0.169673 0.951363
0.277418 0.186221 -0.0152301
0.260684 0.367969 0.249319
0.131253 0.110105 0.122143
-0.486279 -0.31664 0.836857
-0.0519056 0.059975 1.0421
-0.493218 -0.328717 0.845117
0.576744 0.281663 0.211207
0.159325 0.124284 0.0611914
0.140941 0.10868 0.0677572
0.131427 0.119943 0.0701097
0.431376 0.298274 0.425254
0.362938 0.384005 0.235723
0.379541 0.359352 0.281192
0.648811 0.341127 0.327381
0.491322 0.269378 0.226612
-0.288946 -0.29457 1.00609
-0.199324 0.137469 0.932801
0.130345 -0.965044 0.794327
0.343058 0.366246 0.211002
0.187791 0.128906 0.121783
0.302963 0.389919 0.390419
0.434402 0.313989 0.288013
0.463753 0.279093 0.0402903
0.376829 0.361374 0.281896
-0.0325062 -0.494069 1.0233
-0.0376655 -0.497824 0.99505
0.163709 0.124628 0.0728859
0.504056 0.212772 0.0216224
0.544687 0.178919 0.0654697
-0.529511 -0.459946 0.812064
0.547473 0.261181 0.0321987
0.421781 0.307605 0.0423151
0.317855 0.376958 0.263752
0.583095 0.238767 0.0303268
-0.353747 -0.460038 0.9268
-0.522767 -0.420508 0.780067
0.66585 0.218723 0.0903938
-0.248431 -0.110069 0.997698
0.256608 0.161974 0.105066
0.391165 0.323699 0.322867
0.545972 0.370352 0.180696
0.462631 0.276401 0.282038
0.544359 0.379423 0.180999
0.507128 0.310043 0.0234398
0.51545 0.196113 0.112831
0.618804 0.354438 0.249395
0.870032 0.283729 0.301853
-0.183002 0.217425 0.967168
0.268437 0.384394 0.299331
0.218058 -0.134784 0.740645
-0.194197 -0.0007564 1.03285
-0.109369 0.0969402 1.01843
-0.136427 0.103669 0.972665
0.136432 0.112119 0.0711307
0.171572 0.126303 0.0769408
0.439322 0.313112 0.285904
0.19369 0.00727812 0.910748
0.139277 0.112986 0.0724232
0.137458 0.112524 0.0722757
0.142998 0.110968 0.0748005
-0.211564 -0.389271 0.126252
-0.2813 -0.436581 0.898371
0.252548 0.200964 0.141812
0.144979 0.119111 0.0558696
0.132441 0.116504 0.0523979
0.616184 0.258035 0.0965881
0.104954 -0.988123 0.805533
0.609124 0.279913 0.231105
0.635619 0.289267 0.237443
0.422107 0.223942 0.137783
0.30542 0.368407 0.244147
0.610582 0.384295 0.338485
0.42535 0.315893 0.18348
2.06521 0.616886 1.04551
0.415663 0.272392 0.31199
0.498014 0.203742 0.15819
0.469342 0.21921 0.33535
0.159194 0.123748 0.0606994
0.260855 0.0456418 0.631946
0.365483 0.305671 0.275548
0.324894 0.273964 0.582548
0.15895 0.125571 0.0786742
0.21672 0.169842 0.101479
0.125956 0.116676 0.0695493
0.204381 0.162021 0.114822
0.52377 0.227415 0.285409
0.569838 0.298407 0.27546
-0.288988 -0.293289 0.990795
-0.313413 -0.38518 0.972146
0.462636 0.279392 0.279208
0.424511 0.306278 0.283608
0.617918 0.323777 0.311646
-0.189284 -0.427262 0.942875
-0.309449 -0.203709 1.03161
0.482685 0.401155 0.304222
0.4901 0.333417 0.15261
0.505756 0.423753 0.314159
0.53239 0.354677 0.438987
-0.159462 0.124494 0.956599
0.927927 0.326634 0.466251
0.442284 0.322807 0.28858
0.156529 0.124013 0.0601073
0.155951 0.122735 0.0596945
0.385942 0.309948 0.480118
0.152971 0.12216 0.0587182
0.143721 0.118232 0.0553489
0.374105 0.346547 0.279178
0.37998 0.307866 0.484432
0.320247 0.285824 0.554421
0.524194 0.238405 0.287845
0.431537 0.306563 0.282432
0.414816 0.319613 0.408901
-0.162954 0.207188 0.797086
0.328042 0.3676 0.330281
0.52518 0.223933 0.284126
0.251788 0.284905 0.623848
-0.173056 -0.00886426 1.03568
-0.163599 -0.0852282 1.02329
-0.272177 -0.148388 1.04452
0.443295 0.342071 0.196059
0.76498 0.414011 0.195607
0.480907 0.269743 0.418024
-0.463071 -0.223045 0.916193
0.119363 0.109401 0.0687819
-0.047532 0.0225992 1.03972
-0.0239525 0.0881441 0.988528
0.393415 0.180811 0.153182
-0.468188 -0.311045 0.812248
-0.191148 -0.0188511 1.01253
-0.211469 -0.446059 0.973298
-0.0965775 0.0558562 1.04469
0.216642 0.133732 0.139457
-0.0349284 0.086286 1.00966
0.296266 0.0443755 0.751074
0.446715 0.269767 0.497097
0.440181 0.324879 0.296391
-0.0692044 0.0588344 1.04058
-0.189822 -0.465742 1.0015
0.470289 0.286258 0.286655
0.752671 0.275225 0.345472
-0.310199 -0.487009 0.896533
0.371901 0.35182 0.278166
1.00167 0.534966 0.261757
-0.0631071 -0.420511 0.773153
0.0185177 -0.0239 0.392058
-0.303747 -0.372851 0.631348
-0.0447682 -0.570173 1.1339
-0.203112 -0.157917 1.13282
-0.223097 -0.469296 1.00348
-0.142438 -0.57109 1.19314
0.26323 0.211643 0.149699
0.322911 0.359268 0.311393
-0.568947 -0.525614 0.890294
0.0383337 -0.965762 0.818142
0.160282 0.122309 0.105834
0.0896198 0.10085 0.0555442
0.294781 0.178657 0.127341
0.0838926 0.0989462 0.0519732
-0.304829 -0.468969 0.890551
0.363483 0.353883 0.402464
0.423414 0.315869 0.411195
0.11965 0.109919 0.0701268
0.286313 0.136767 0.157719
0.249124 0.0437343 0.625631
-0.1763 -0.180823 1.06014
0.211951 0.180343 0.121017
-0.166026 -0.0585585 1.02536
-0.181498 0.222597 0.849994
0.0913101 0.100336 0.0608377
0.331326 0.350978 0.205341
-0.176314 0.128927 0.931832
-0.186104 -0.0710406 1.02683
-0.173662 -0.0600907 1.0224
-0.235463 -0.0952004 0.988293
0.343745 0.345313 0.505919
0.229499 0.175411 0.108628
0.391417 0.322464 0.297247
-0.277923 -0.433501 0.954624
0.47838 0.281031 0.288286
0.22506 0.171684 0.105013
0.169944 0.128409 0.102628
0.166995 0.128349 0.0995748
-0.284326 -0.433698 0.945297
0.26217 0.323195 0.568969
-0.410505 -0.426367 0.86543
-0.543713 -0.48956 0.843507
0.0659355 -0.951115 0.812435
-0.0410813 -0.529872 1.13503
-0.242747 0.136222 0.871755
-0.067875 0.034334 1.0454
0.359879 0.31702 0.453995
0.470842 0.249223 0.419836
0.170638 0.133153 0.0845971
0.32061 0.352789 0.31074
0.212585 0.16424 0.146273
-0.292299 -0.462839 0.875881
0.338228 0.257351 0.181835
-0.236366 -0.117919 0.992916
0.412895 0.193474 0.168258
0.364278 0.151152 0.189941
0.180573 0.141322 0.0739536
-0.486597 -0.0682511 0.964528
0.164128 0.124013 0.0721791
0.312324 0.243614 0.167989
0.329285 0.255703 0.176252
-0.138188 -0.179181 0.99752
0.481728 0.205523 0.277957
0.378826 0.322545 0.294982
-0.249952 0.410376 0.559452
0.30819 0.340991 0.436761
0.0849947 0.0990617 0.0527239
0.0836252 0.0896506 0.963505
0.182436 -0.0105602 0.939041
0.274714 -1.75494 1.07572
0.511172 -2.38055 1.24419
-0.0583875 -0.914941 0.379433
0.683546 -2.27826 1.1707
0.0907004 -0.0290888 0.0392332
-0.52367 -0.527063 0.705578
0.143804 0.119051 0.0555832
0.450812 0.313339 0.443023
0.468946 0.227564 0.388202
-0.0943544 0.049805 1.04413
0.153756 0.0481703 1.30416
0.0901544 0.0850404 0.0458588
0.209318 0.153223 0.215774
0.384287 0.326337 0.32756
0.163289 0.124095 0.0733604
0.153558 0.125225 0.0740216
-0.35967 -0.469751 0.956254
-0.31618 -0.505721 0.861762
0.325383 0.325003 0.487931
0.457541 0.198073 0.187069
0.137428 0.112225 0.0718319
0.222873 0.17577 0.10619
0.220209 0.171593 0.102188
0.185524 0.144483 0.0768155
0.233746 -1.57582 1.02139
-0.176812 0.0157961 1.03785
0.302601 0.028824 0.754654
0.0143534 0.0607854 0.337011
0.476789 0.225648 0.320844
0.181768 0.125389 0.116483
0.410353 0.192593 0.166391
0.298641 0.231356 0.395979
-0.240693 0.406676 0.546981
-0.201604 0.226532 0.801575
-0.326279 -0.47205 0.943857
-0.230816 0.373331 0.493684
-0.204431 -0.47484 1.00239
-0.235799 0.146807 1.00796
-0.294097 -0.293069 0.974251
0.326654 0.368132 0.320475
-0.183033 -0.108288 1.01631
-0.19076 -0.211081 1.14714
-0.293398 -0.471439 0.86563
-0.481399 -0.0997401 0.904299
0.174054 -0.00413531 0.923622
-0.191249 -0.027799 1.03399
0.135822 0.11222 0.0712061
-0.183864 0.130303 0.941689
0.428049 0.19563 0.173751
-0.186466 -0.153309 1.04118
0.222305 0.174178 0.105368
0.43693 0.201675 0.303988
0.3332 0.385333 0.474194
0.412249 0.185544 0.161778
-0.536628 -0.565265 0.673914
0.222828 0.173394 0.105065
-0.462975 -0.241566 0.908058
-0.243379 0.179115 1.08331
-0.450292 -0.484372 0.80631
-0.192064 -0.141967 1.04621
-0.0387943 -0.866288 0.7263
0.115763 -0.959521 0.79666
0.186477 0.142704 0.0764996
-0.455131 -0.199091 0.927687
0.270051 0.167309 0.112021
0.439379 0.236582 0.306837
0.320488 0.185691 0.139917
0.252628 0.149794 0.138602
-0.155108 -0.479593 1.03428
-0.17578 0.157189 1.06527
0.227712 0.17451 0.108531
0.956719 0.564851 0.554524
0.0939148 0.0860646 0.0455586
0.162975 0.132405 0.0655667
0.140111 0.111604 0.0715664
0.160648 0.126904 0.0802908
0.302599 0.0310142 0.77543
0.224218 0.172224 0.105379
0.159122 0.126612 0.0787869
0.128061 -0.968926 0.78708
-0.069391 -0.85411 0.73116
0.446017 0.177213 0.16386
0.143308 0.117792 0.0551203
-0.131288 -0.852764 0.762524
-0.166041 -0.186938 1.02184
-0.254212 0.162606 1.05609
-0.161331 0.123209 0.922248
-0.226256 -0.102088 0.986816
-0.275508 -0.317043 0.771174
-0.42363 -0.119143 0.948136
-0.309638 -0.449131 0.853874
0.660884 0.473454 0.803578
-0.305642 -0.514182 0.806074
0.140647 0.112759 0.0729467
-0.444235 -0.487594 0.780213
-0.481671 -0.314599 0.847353
-0.0304017 0.0368139 1.04856
-0.0329668 0.0312152 1.03644
0.109182 -0.868355 0.695697
0.302535 0.179951 0.130111
-0.342104 -0.578708 0.904441
-0.153754 -0.217283 1.03772
0.0695013 -0.00374906 0.0471974
-0.00322154 -0.0521118 -0.0115028
-0.0591004 -0.801333 0.689522
-0.21913 -0.808538 0.713524
-0.45288 -0.147215 0.896145
0.1322 -0.0245861 0.0580976
-0.280971 -0.357603 0.693203
-0.204225 -0.320918 0.57014
0.191509 0.148182 0.237918
1.15161 0.709841 0.811099
0.112638 0.108118 0.0655834
-0.291584 -0.513712 0.865311
-0.423386 -0.0921287 0.961649
-0.469238 -0.157801 0.925568
0.339554 0.283178 0.285605
0.14666 0.118219 0.088047
-0.208175 -0.793447 0.722908
-0.117437 -0.822606 0.729365
0.281903 0.187155 0.133703
-0.157722 -0.494536 1.05088
-0.374025 -0.437136 0.888868
-0.0474262 -0.479432 0.970195
-0.309161 -0.301635 1.03862
-0.183169 -0.0997526 1.02528
-0.151756 0.110906 0.941365
-0.414821 -0.0976725 0.963663
-0.163831 0.132405 0.963945
0.183269 0.152233 0.0814101
-0.454861 -0.206986 0.91529
1.61935 -2.9604 1.70577
0.176453 0.0185449 0.932468
-0.468497 -0.0489117 0.930109
-0.284369 -0.425392 0.954876
-0.165643 -0.189017 0.915562
0.108225 -0.969031 0.784618
0.0438908 0.083401 0.0246362
-0.269164 0.155355 0.805565
-0.312819 -0.496628 0.932511
-0.185149 -0.0917013 1.01607
0.391595 0.182456 0.153665
-0.431305 -0.112341 0.958245
-0.268511 -0.151169 -0.0409691
-0.0670503 0.0501511 1.05829
0.243018 -1.49681 0.956216
0.290112 0.0206924 0.771396
0.413305 0.417156 0.705653
-0.56479 -0.492276 0.821956
-0.245199 -0.181795 -0.0173272
-0.340865 -0.437318 0.931176
0.318273 0.182936 0.13636
0.114354 0.108192 0.0662103
-0.0377781 0.0837679 0.945114
0.0861677 -0.959258 0.782958
0.40144 -0.901543 0.353532
0.432769 -0.943606 0.340027
-0.27533 -0.265019 0.838948
0.154618 -1.37208 0.973993
0.199938 -1.24796 0.825795
0.298821 0.0242811 0.756685
-0.0512932 0.0302211 1.03538
-0.315673 -0.486097 0.888101
-0.0463668 -0.777207 0.661641
-0.311508 -0.333838 0.634637
-0.276121 -0.271763 0.851635
1.13168 0.560511 0.961887
0.133838 -0.0127588 0.783047
-0.462501 -0.100092 0.933506
-0.321531 -0.497972 0.862062
0.149035 0.0125201 0.807105
-0.129045 -0.848292 0.729169
-0.100728 -0.920403 0.799643
0.114756 -0.972603 0.814922
-0.218028 0.290328 1.07505
-0.367145 0.212961 1.05488
-0.514124 -0.496899 0.759484
0.124398 -0.98443 0.792237
-0.297824 -0.323609 0.743157
-0.496847 -0.368963 0.816913
0.467709 -2.15554 1.16582
-0.176371 -0.15534 1.06648
0.229933 0.127666 0.130617
0.394132 -1.82715 0.970534
0.378859 -1.06135 0.297772
0.945583 0.251812 0.356787
-0.224909 0.296424 1.07391
0.911173 0.634749 1.00863
0.0650705 -0.969393 0.817729
0.126197 -0.0252609 0.0545251
0.486905 -1.03889 0.335401
0.427988 -0.972146 0.348076
0.729753 0.605503 0.962918
0.324188 0.0231219 0.870883
-0.335181 0.203028 1.0124
-0.442323 -0.163784 0.944841
-0.565983 -0.570677 0.906576
-0.0211788 -0.496552 1.04905
1.81572 1.17126 1.84856
-0.422588 -0.0990743 0.965966
-0.162953 -0.0653223 1.03977
0.738965 0.45727 0.762608
0.172979 -1.1305 0.785412
-0.309732 -0.411024 0.593048
0.323743 -1.14104 0.742457
-0.484498 -0.308301 0.849252
-0.473491 -0.0173124 0.926074
0.874548 0.618867 0.986307
-0.215371 -0.805976 0.72843
-0.450927 -0.0623343 0.945302
-0.275852 -0.361289 0.725578
0.32644 -1.54053 0.928644
-0.28631 -0.265279 0.808045
0.171198 -1.13447 0.800502
-0.227183 -0.215068 0.00675214
-0.26007 -0.177993 -0.00976031
-0.160135 -0.471992 0.119271
-0.191754 -0.00898897 1.04389
-0.180741 -0.119234 0.996672
-0.342169 0.202668 1.04375
0.458764 -1.07094 0.35535
0.122879 0.01001 0.52325
-0.0678149 0.0548713 1.05824
-0.269768 -0.351158 0.701711
0.280082 -1.52946 1.04216
-0.0348457 -1.02725 0.911178
0.406257 -0.952114 0.366791
-0.19658 0.143044 1.02442
0.109651 -0.0256094 0.0487399
0.347577 0.0342984 0.863593
-0.168082 0.12796 1.03541
-0.0310246 0.0424283 1.04437
-0.479335 -0.0856629 0.922316
0.222279 -1.50379 0.956619
0.151304 -1.15638 0.836891
0.241536 -1.73643 1.06096
0.194594 -1.15358 0.808522
-0.172267 -0.161029 0.975145
0.303388 0.0352481 0.761338
0.328905 -1.22221 0.743063
-0.210018 -0.24784 0.0332966
0.392476 -1.89989 1.04013
0.0330422 0.135197 1.27607
-0.0712643 -0.394314 0.720982
-0.145942 -0.312976 0.464887
-0.214988 -0.368211 0.734918
-0.162313 -0.407469 0.773749
0.249549 -1.32455 0.875979
0.380331 -1.23644 0.808494
0.170211 0.00940816 0.0603086
-0.290149 0.157337 0.804391
-0.231442 -0.0976793 1.0064
0.0124042 0.131832 1.2645
-0.246904 -0.107971 1.08369
-0.319249 0.172834 0.879997
-0.173295 0.144126 1.04731
0.145893 -1.14917 0.815416
0.0606088 -0.976857 0.810928
0.269265 0.0352723 0.730753
0.202805 -1.38257 0.942964
0.159084 -1.15183 0.808906
-0.0927255 0.0509302 1.07041
-0.275741 -0.357498 0.765555
0.306643 -1.7305 1.0406
0.43715 -1.42307 0.87062
-0.209386 -0.36479 0.699714
-0.241719 -0.0750245 0.412205
0.135479 -0.0492067 0.0411359
-0.168742 -0.481051 1.00764
0.106864 -0.0256044 0.0465149
-0.176008 -0.477924 1.0191
0.24098 -1.1491 0.793096
0.199237 -1.13443 0.785602
0.26925 -1.51262 0.959384
-0.0936111 -0.389067 0.687018
-0.144191 -0.583237 0.210883
-0.189568 -0.0322555 1.03593
-0.18502 -0.275376 0.0395135
-0.290782 -0.501981 0.858449
-0.381988 -0.450286 0.891803
0.0674988 -0.986749 0.855893
0.191236 -1.26518 0.84715
0.0596756 -0.915915 0.740362
-0.274773 -0.144015 -0.0430329
-0.221338 -0.195677 -0.0338089
-0.228126 -0.195237 -0.0278351
0.0966614 -0.00301994 0.0335645
-0.00403066 -0.515623 0.977839
-0.143281 -0.222765 0.893119
0.0998567 -0.758729 0.187509
0.551279 -1.32031 0.367012
-0.301711 -0.382269 0.678817
-0.285333 -0.136029 -0.0341429
0.222297 -1.20072 0.813502
-0.00762866 -0.0488697 -0.00902706
0.480392 -1.05213 0.348757
-0.141466 -0.19779 0.9015
0.334669 -1.62388 0.941721
-0.00547476 -0.0589851 -0.0165449
-0.275824 -0.440542 0.899773
0.0904759 -0.00251292 0.474682
-0.0246764 0.077616 1.2318
-0.163718 -0.196692 0.910574
0.177877 -0.197931 0.679161
0.0498238 -0.971301 0.841063
-0.137277 -0.393773 0.735417
-0.00530919 -1.02991 0.922671
-0.0300512 0.1058 1.11364
-0.275314 -0.35199 0.723476
0.0854438 -0.00172504 0.050511
-0.0230489 -1.00324 0.916011
-0.0422944 -1.02436 0.92997
-0.151943 -0.216145 0.910726
-0.241983 -0.115672 1.05913
0.272642 -1.38382 0.851774
0.295129 -1.53504 0.963773
-0.288793 -0.127925 -0.0452518
-0.288466 -0.127671 -0.0449832
-0.272118 -0.142922 -0.0402605
0.370496 -1.76284 1.00669
0.269888 -1.31368 0.832596
0.414895 -2.11519 1.19609
-0.0931699 -0.934025 0.870012
-0.0603147 0.0327318 1.09459
-0.192606 -0.381749 0.727894
